OSAKA:

kmean:
jac: [0.6875, 0.7169117647058824, 0.638095238095238, 0.8194444444444444, 0.75], mean: 0.7223902894491129, std: 0.06088482131454287
cos: [0.9637621400142022, 0.9775638090139521, 0.9515905658923136, 0.8432134551280485, 0.6784537376819184], mean: 0.8829167415460869, std: 0.11277553891303127
com: [1.0, 1.0, 1.0, 1.0, 1.0], mean: 1.0, std: 0.0
hiera:
jac: [0.6833333333333333, 0.7169117647058824, 0.7589285714285714, 0.6777777777777778, 0.6833333333333333], mean: 0.7040569561157797, std: 0.03074304008227534
cos: [0.9877106556443601, 0.9775638090139521, 0.8280723720003493, 0.9996778326620227, 0.7328510773469773], mean: 0.9051751493335323, std: 0.10641748828751321
com: [1.0, 1.0, 1.0, 1.0, 1.0], mean: 1.0, std: 0.0
fcfa:
jac: [0.6363636363636364, 0.6944444444444444, 0.6555555555555556, 0.6277777777777778, 0.6444444444444445], mean: 0.6517171717171717, std: 0.02324681146834004
cos: [0.43053032496532284, 0.4248633911328073, 0.4807291707388757, 0.46167653485264043, 0.5278524651834531], mean: 0.4651303773746198, std: 0.03743769621494034
com: [0.8181818181818182, 0.9, 1.0, 0.9, 0.9], mean: 0.9036363636363637, std: 0.057668187371468005
rand:
jac: [0.6160714285714286, 0.5722222222222222, 0.6, 0.7083333333333334, 0.6166666666666667], mean: 0.6226587301587302, std: 0.04577487166875795
cos: [0.3971987507041693, 0.4100645372266091, 0.47386823475284867, 0.41275990785820643, 0.4374558294690583], mean: 0.42626945200217836, std: 0.027132975804347304
com: [0.875, 0.8, 0.9090909090909092, 0.9166666666666666, 0.8], mean: 0.8601515151515151, std: 0.051080159910237774
