OSAKA:

kmean:
jac: [0.621505376344086, 0.7222222222222222, 0.625, 0.7, 0.5], mean: 0.6337455197132617, std: 0.07788703655044064
cos: [0.43641611790232193, 0.7180067273027974, 0.9082688826645263, 0.9918657971371061, 0.9995244498921825], mean: 0.8108163949797869, std: 0.21292055103079294
com: [0.9032258064516129, 1.0, 1.0, 1.0, 1.0], mean: 0.9806451612903226, std: 0.03870967741935485
hiera:
jac: [0.6126126126126126, 0.9, 0.7, 0.5, 0.5], mean: 0.6425225225225224, std: 0.1490759896083361
cos: [0.4190011156669279, 0.9512088326063347, 0.9918657971371061, 0.9995244498921825, 0.8440821911295019], mean: 0.8411364772864106, std: 0.21823333471042067
com: [0.8378378378378379, 1.0, 1.0, 1.0, 1.0], mean: 0.9675675675675676, std: 0.06486486486486484
fcfa:
jac: [0.5818181818181818, 0.6555555555555556, 0.6555555555555556, 0.6388888888888888, 0.6555555555555556], mean: 0.6374747474747474, std: 0.02856711381707239
cos: [0.46251916276618765, 0.5560825971384864, 0.5618214498512715, 0.509396609091499, 0.4783859193370776], mean: 0.5136411476369044, std: 0.03999255611816083
com: [0.9090909090909092, 1.0, 0.8, 0.9, 0.9], mean: 0.9018181818181817, std: 0.06335000505521579
rand:
jac: [0.6964285714285714, 0.7, 0.6727272727272727, 0.5, 0.65], mean: 0.6438311688311689, std: 0.07413753270856817
cos: [0.49225521283744955, 0.5270100945947861, 0.4382683777511538, 0.32768479862398214, 0.5001001353101805], mean: 0.4570637238235104, std: 0.07081700320757119
com: [0.875, 0.9, 1.0, 0.75, 0.9], mean: 0.885, std: 0.08
